0
190
116
69
111
48
98
97
105
74
104
84
76
98
89
104
83
111
63
96
98
83
104
76
97
83
111
97
70
96
76
110
77
103
90
105
90
97
104
90
105
97
97
105
89
90
111
188
96
90
103
105
75
96
92
90
103
97
83
104
82
83
103
90
104
96
82
83
97
105
83
97
104
97
96
90
97
89
83
91
97
105
82
103
111
90
98
83
84
88
91
83
104
76
104
69
96
83
104
89
90
90
97
89
90
97
83
97
81
83
103
84
96
98
90
102
125
75
91
97
153
96
75
90
83
104
89
90
109
90
75
90
76
77
84
90
90
97
77
90
97
83
104
83
97
89
96
83
83
75
83
83
105
75
106
186
82
90
103
103
90
111
180
75
97
119
98
96
98
90
112
103
104
103
90
90
83
103
75
112
89
91
83
104
98
104
83
90
104
97
90
111
84
97
90
111
76
117
91
96
104
83
83
117
83
119
83
88
97
111
90
103
96
90
90
103
90
97
103
83
97
103
97
110
118
105
76
103
84
95
91
118
76
97
97
92
96
97
104
104
83
103
83
98
117
91
105
124
174
97
84
117
104
90
91
96
0
229
89
98
69
97
83
90
97
83
97
83
83
97
89
97
89
76
97
83
69
97
69
97
76
97
90
167
69
83
96
70
96
84
76
97
82
90
83
83
83
76
90
91
82
98
95
76
92
96
83
91
153
90
91
96
69
83
110
70
97
84
89
84
89
84
76
103
62
84
97
83
167
76
90
75
105
69
104
90
104
76
90
91
90
84
82
90
84
89
105
96
62
104
69
110
83
105
82
97
90
96
97
235
90
97
69
91
89
97
96
90
84
96
97
77
68
91
82
83
125
69
96
82
104
69
111
90
62
104
77
97
78
102
91
84
83
83
90
104
91
83
97
181
96
91
82
97
90
89
82
76
96
89
69
97
84
111
76
90
97
97
90
77
97
82
91
104
83
76
83
98
76
89
83
103
96
77
103
83
83
83
83
0
190
116
69
111
48
98
97
105
74
104
84
76
98
89
104
83
111
63
96
98
83
104
76
97
83
111
97
70
96
76
110
77
103
90
105
90
97
104
90
105
97
97
105
89
90
111
188
96
90
103
105
75
96
92
90
103
97
83
104
82
83
103
90
104
96
82
83
97
105
83
97
104
97
96
90
97
89
83
91
97
105
82
103
111
90
98
83
84
88
91
83
104
76
104
69
96
83
104
89
90
90
97
89
90
97
83
97
81
83
103
84
96
98
90
102
125
75
91
97
153
96
75
90
83
104
89
90
109
90
75
90
76
77
84
90
90
97
77
90
97
83
104
83
97
89
96
83
83
75
83
83
105
75
106
186
82
90
103
103
90
111
180
75
97
119
98
96
98
90
112
103
104
103
90
90
83
103
75
112
89
91
83
104
98
104
83
90
104
97
90
111
84
97
90
111
76
117
91
96
104
83
83
117
83
119
83
88
97
111
90
103
96
90
90
103
90
97
103
83
97
103
97
110
118
105
76
103
84
95
91
118
76
97
97
92
96
97
104
104
83
103
83
98
117
91
105
124
174
97
84
117
104
90
91
96
0
229
89
98
69
97
83
90
97
83
97
83
83
97
89
97
89
76
97
83
69
97
69
97
76
97
90
167
69
83
96
70
96
84
76
97
82
90
83
83
83
76
90
91
82
98
95
76
92
96
83
91
153
90
91
96
69
83
110
70
97
84
89
84
89
84
76
103
62
84
97
83
167
76
90
75
105
69
104
90
104
76
90
91
90
84
82
90
84
89
105
96
62
104
69
110
83
105
82
97
90
96
97
235
90
97
69
91
89
97
96
90
84
96
97
77
68
91
82
83
125
69
96
82
104
69
111
90
62
104
77
97
78
102
91
84
83
83
90
104
91
83
97
181
96
91
82
97
90
89
82
76
96
89
69
97
84
111
76
90
97
97
90
77
97
82
91
104
83
76
83
98
76
89
83
103
96
77
103
83
83
83
83
0
190
174
84
222
69
104
90
97
90
91
97
118
70
103
99
89
111
98
96
98
97
97
111
91
111
90
167
195
0
190
126
68
97
91
103
91
111
83
90
126
97
97
97
112
97
104
104
97
91
96
84
105
97
104
83
84
97
