0
190
76
76
77
76
62
77
76
62
75
77
76
90
112
90
77
90
76
62
105
49
76
76
76
89
97
70
111
76
76
56
61
63
75
84
76
70
62
110
76
89
77
90
90
76
82
55
63
62
90
62
97
76
91
117
77
82
55
76
62
76
64
89
77
62
77
62
91
76
111
75
62
91
48
56
90
82
56
77
62
62
75
76
62
63
77
55
97
76
55
62
49
61
76
90
48
63
41
63
76
76
83
76
56
62
105
83
63
54
76
90
68
76
90
76
90
90
62
63
90
48
63
61
76
77
75
432
90
76
62
90
49
55
75
84
91
62
76
62
55
84
76
76
104
62
63
75
111
56
76
77
62
63
55
91
48
62
55
361
63
55
48
63
77
90
97
41
77
90
76
63
76
62
90
76
97
90
56
97
76
56
77
62
97
75
91
103
76
76
62
62
63
75
76
77
75
62
77
48
90
62
49
55
76
81
41
62
91
49
62
62
70
76
76
62
61
77
77
76
61
76
62
77
75
61
90
76
63
84
55
90
76
62
77
83
55
63
76
89
97
41
62
76
62
56
75
83
75
56
63
62
75
78
75
77
63
76
76
64
75
76
76
90
77
76
61
62
90
76
84
69
97
90
62
77
63
76
90
63
89
62
90
76
90
76
84
76
76
90
55
96
83
49
96
91
75
76
125
77
76
91
62
76
90
77
61
75
62
91
76
63
75
77
62
76
76
76
61
77
63
103
63
77
76
62
98
69
124
76
62
62
97
42
63
138
49
90
76
62
76
55
104
69
62
77
76
62
90
76
89
111
